

 NAS Parallel Benchmarks 3.0 structured OpenMP C version - CG Benchmark
 Size:     150000
 Iterations:    75
   iteration           ||r||                 zeta
        1       4.82654606743540e-13 1.0999944232374e+02
        2       1.08122120223567e-15 2.7392043714652e+01
        3       1.13263779632563e-15 2.8033976184027e+01
        4       1.16669103122211e-15 2.8419150755129e+01
        5       1.18624089713903e-15 2.8647167003890e+01
        6       1.19445655332198e-15 2.8781296941841e+01
        7       1.20182150516996e-15 2.8860045853734e+01
        8       1.20569912386333e-15 2.8906314557269e+01
        9       1.20788840817079e-15 2.8933564921461e+01
       10       1.20784301692794e-15 2.8949669544900e+01
       11       1.20919818512837e-15 2.8959226335375e+01
       12       1.21004874996371e-15 2.8964923348489e+01
       13       1.20944494900118e-15 2.8968335924893e+01
       14       1.20967504583025e-15 2.8970390396000e+01
       15       1.20514507570793e-15 2.8971633622837e+01
       16       1.21042732219597e-15 2.8972389860086e+01
       17       1.20735734654618e-15 2.8972852269223e+01
       18       1.21471616495046e-15 2.8973136479777e+01
       19       1.20609029864252e-15 2.8973312056929e+01
       20       1.21275594264587e-15 2.8973421066375e+01
       21       1.21375701982430e-15 2.8973489076055e+01
       22       1.21459641447273e-15 2.8973531706488e+01
       23       1.20275588738561e-15 2.8973558549726e+01
       24       1.21452445320294e-15 2.8973575525665e+01
       25       1.21275561218354e-15 2.8973586305938e+01
       26       1.20537199620203e-15 2.8973593178737e+01
       27       1.21179151859121e-15 2.8973597576737e+01
       28       1.21445666272972e-15 2.8973600400999e+01
       29       1.20719668210562e-15 2.8973602220677e+01
       30       1.21002478785092e-15 2.8973603396763e+01
       31       1.21036901718983e-15 2.8973604159115e+01
       32       1.20689559888150e-15 2.8973604654641e+01
       33       1.21221560699790e-15 2.8973604977562e+01
       34       1.20992682580335e-15 2.8973605188510e+01
       35       1.20883693581567e-15 2.8973605326625e+01
       36       1.20754635069758e-15 2.8973605417246e+01
       37       1.20625875904568e-15 2.8973605476823e+01
       38       1.21058730025722e-15 2.8973605516064e+01
       39       1.20647209207473e-15 2.8973605541957e+01
       40       1.20675251947407e-15 2.8973605559070e+01
       41       1.20507212115317e-15 2.8973605570398e+01
       42       1.21012961115424e-15 2.8973605577908e+01
       43       1.20324922387474e-15 2.8973605582893e+01
       44       1.20475086080116e-15 2.8973605586207e+01
       45       1.20107391075128e-15 2.8973605588413e+01
       46       1.20092679048232e-15 2.8973605589883e+01
       47       1.20678287774725e-15 2.8973605590863e+01
       48       1.20813086593458e-15 2.8973605591518e+01
       49       1.20620729755430e-15 2.8973605591955e+01
       50       1.20754524734450e-15 2.8973605592248e+01
       51       1.20742301075310e-15 2.8973605592445e+01
       52       1.20410666649785e-15 2.8973605592576e+01
       53       1.20651301662968e-15 2.8973605592665e+01
       54       1.20920492589979e-15 2.8973605592723e+01
       55       1.20643999498934e-15 2.8973605592764e+01
       56       1.20725595244081e-15 2.8973605592790e+01
       57       1.20773708603841e-15 2.8973605592808e+01
       58       1.20236024633375e-15 2.8973605592820e+01
       59       1.20317907434852e-15 2.8973605592829e+01
       60       1.20425412427844e-15 2.8973605592834e+01
       61       1.20840279463258e-15 2.8973605592838e+01
       62       1.21021706760956e-15 2.8973605592840e+01
       63       1.20068071770316e-15 2.8973605592842e+01
       64       1.20248155873197e-15 2.8973605592843e+01
       65       1.20391412238074e-15 2.8973605592844e+01
       66       1.20775191787123e-15 2.8973605592844e+01
       67       1.20591596181783e-15 2.8973605592845e+01
       68       1.20843526728637e-15 2.8973605592845e+01
       69       1.20717170301044e-15 2.8973605592845e+01
       70       1.20840547916251e-15 2.8973605592845e+01
       71       1.20530821132248e-15 2.8973605592845e+01
       72       1.20580290904461e-15 2.8973605592846e+01
       73       1.20716676573775e-15 2.8973605592846e+01
       74       1.20428672008396e-15 2.8973605592846e+01
       75       1.20722146168015e-15 2.8973605592846e+01
 Benchmark completed
 VERIFICATION SUCCESSFUL
 Zeta is      2.897360559285e+01
 Error is     5.293543381413e-13


 CG Benchmark Completed
 Class           =                        C
 Size            =                   150000
 Iterations      =                       75
 Threads         =                        1
 Time in seconds =                    66.20
 Mop/s total     =                  2165.28
 Operation type  =           floating point
 Verification    =               SUCCESSFUL
 Version         =           3.0 structured
 Compile date    =              30 Mar 2021

 Compile options:
    CC           = clang
    CLINK        = clang
    C_LIB        = (none)
    C_INC        = -I../common
    CFLAGS       = -O3 -fopenmp
    CLINKFLAGS   = -lm -mcmodel=large -fopenmp
    RAND         = randdp
